time	V(n002)	V(n003)
0.000000000000000e+00	7.657866e-01	8.557248e+00
1.338588169642857e-02	6.783068e-01	8.791084e+00
2.677176339285714e-02	6.013736e-01	9.005358e+00
4.015764508928571e-02	5.349867e-01	9.200070e+00
5.354352678571428e-02	4.791464e-01	9.375220e+00
6.692940848214285e-02	4.338526e-01	9.530808e+00
8.031529017857142e-02	3.991052e-01	9.666834e+00
9.370117187499996e-02	3.749042e-01	9.783298e+00
1.035644531250000e-01	3.649055e-01	9.852084e+00
1.134277343750000e-01	3.610851e-01	9.908000e+00
1.232910156249999e-01	3.634425e-01	9.950830e+00
1.331542968749999e-01	3.719410e-01	9.980412e+00
1.430175781249999e-01	3.865331e-01	9.996633e+00
1.528808593749999e-01	4.071364e-01	9.999427e+00
1.627441406250000e-01	4.336571e-01	9.988786e+00
1.726074218750000e-01	4.659682e-01	9.964749e+00
1.824707031250000e-01	5.039312e-01	9.927410e+00
1.923339843750000e-01	5.473762e-01	9.876912e+00
2.021972656250000e-01	5.961223e-01	9.813449e+00
2.120605468750001e-01	6.499593e-01	9.737265e+00
2.219238281250001e-01	7.086664e-01	9.648650e+00
2.317871093750001e-01	7.719965e-01	9.547947e+00
2.515136718750002e-01	9.114739e-01	9.311866e+00
2.613769531250002e-01	9.870511e-01	9.177394e+00
2.712402343750002e-01	1.066114e+00	9.032642e+00
2.811035156250002e-01	1.148347e+00	8.878167e+00
2.909667968750003e-01	1.233413e+00	8.714561e+00
3.008300781250003e-01	1.320974e+00	8.542453e+00
3.106933593750003e-01	1.410676e+00	8.362502e+00
3.205566406250003e-01	1.502161e+00	8.175401e+00
3.304199218750004e-01	1.595060e+00	7.981867e+00
3.402832031250004e-01	1.689004e+00	7.782643e+00
3.473284040178575e-01	1.756882e+00	7.636544e+00
3.543736049107147e-01	1.824620e+00	7.488951e+00
3.614188058035719e-01	1.892218e+00	7.339861e+00
3.684640066964290e-01	1.959675e+00	7.189277e+00
3.755092075892862e-01	2.026991e+00	7.037198e+00
3.825544084821433e-01	2.094167e+00	6.883623e+00
3.895996093750005e-01	2.161203e+00	6.728554e+00
3.994628906250005e-01	2.253503e+00	6.511812e+00
4.093261718750005e-01	2.344222e+00	6.295024e+00
4.191894531250006e-01	2.433000e+00	6.079023e+00
4.290527343750006e-01	2.519483e+00	5.864639e+00
4.389160156250006e-01	2.603328e+00	5.652695e+00
4.487792968750006e-01	2.684198e+00	5.444003e+00
4.586425781250006e-01	2.761774e+00	5.239366e+00
4.685058593750007e-01	2.835743e+00	5.039568e+00
4.783691406250007e-01	2.905813e+00	4.845378e+00
4.882324218750007e-01	2.971700e+00	4.657541e+00
4.980957031250007e-01	3.033143e+00	4.476778e+00
5.079589843750008e-01	3.089893e+00	4.303782e+00
5.178222656250008e-01	3.141723e+00	4.139219e+00
5.276855468750008e-01	3.188422e+00	3.983720e+00
5.375488281250008e-01	3.229801e+00	3.837882e+00
5.474121093750008e-01	3.265691e+00	3.702265e+00
5.572753906250009e-01	3.295944e+00	3.577389e+00
5.671386718750009e-01	3.320434e+00	3.463734e+00
5.770019531250009e-01	3.339058e+00	3.361737e+00
5.868652343750009e-01	3.351733e+00	3.271789e+00
5.967285156250010e-01	3.358403e+00	3.194236e+00
6.065917968750010e-01	3.359033e+00	3.129374e+00
6.164550781250010e-01	3.353611e+00	3.077454e+00
6.263183593750010e-01	3.342148e+00	3.038674e+00
6.361816406250010e-01	3.324681e+00	3.013184e+00
6.460449218750011e-01	3.301268e+00	3.001081e+00
6.559082031250011e-01	3.271990e+00	3.002411e+00
6.657714843750011e-01	3.236951e+00	3.017171e+00
6.756347656250011e-01	3.196278e+00	3.045302e+00
6.854980468750012e-01	3.150119e+00	3.086697e+00
6.953613281250012e-01	3.098644e+00	3.141198e+00
7.052246093750012e-01	3.042042e+00	3.208594e+00
7.150878906250012e-01	2.980523e+00	3.288627e+00
7.249511718750012e-01	2.914315e+00	3.380990e+00
7.348144531250013e-01	2.843667e+00	3.485328e+00
7.446777343750013e-01	2.768841e+00	3.601240e+00
7.545410156250013e-01	2.690119e+00	3.728282e+00
7.644042968750013e-01	2.607794e+00	3.865966e+00
7.742675781250014e-01	2.522177e+00	4.013763e+00
7.841308593750014e-01	2.433590e+00	4.171106e+00
7.939941406250014e-01	2.342366e+00	4.337390e+00
8.038574218750014e-01	2.248848e+00	4.511977e+00
8.137207031250014e-01	2.153390e+00	4.694198e+00
8.334472656250015e-01	1.958101e+00	5.078711e+00
8.729003906250016e-01	1.560423e+00	5.906924e+00
8.926269531250016e-01	1.364043e+00	6.337916e+00
9.123535156250014e-01	1.173275e+00	6.771395e+00
9.320800781250013e-01	9.910043e-01	7.200710e+00
9.518066406250011e-01	8.199855e-01	7.619275e+00
9.616699218750010e-01	7.395111e-01	7.822509e+00
9.715332031250009e-01	6.628035e-01	8.020666e+00
9.813964843750008e-01	5.901523e-01	8.212984e+00
9.912597656250007e-01	5.218319e-01	8.398726e+00
1.001123046875001e+00	4.581000e-01	8.577177e+00
1.010986328125000e+00	3.991969e-01	8.747654e+00
1.020849609375000e+00	3.453443e-01	8.909501e+00
1.030712890625000e+00	2.967446e-01	9.062097e+00
1.040576171875000e+00	2.535803e-01	9.204855e+00
1.050439453125000e+00	2.160129e-01	9.337229e+00
1.060302734375000e+00	1.841824e-01	9.458710e+00
1.070166015625000e+00	1.582071e-01	9.568830e+00
1.080029296875000e+00	1.381828e-01	9.667169e+00
1.089892578125000e+00	1.241825e-01	9.753347e+00
1.099755859375000e+00	1.162560e-01	9.827035e+00
1.109619140625000e+00	1.144301e-01	9.887948e+00
1.119482421874999e+00	1.187081e-01	9.935854e+00
1.129345703124999e+00	1.290699e-01	9.970569e+00
1.139208984374999e+00	1.454722e-01	9.991959e+00
1.149072265624999e+00	1.678486e-01	9.999941e+00
1.158935546874999e+00	1.961096e-01	9.994485e+00
1.168798828124999e+00	2.301435e-01	9.975614e+00
1.178662109374999e+00	2.698161e-01	9.943397e+00
1.188525390624999e+00	3.149719e-01	9.897960e+00
1.198388671874999e+00	3.654344e-01	9.839477e+00
1.208251953124999e+00	4.210067e-01	9.768172e+00
1.218115234374999e+00	4.814722e-01	9.684320e+00
1.227978515624998e+00	5.465959e-01	9.588242e+00
1.237841796874998e+00	6.161246e-01	9.480307e+00
1.247705078124998e+00	6.897885e-01	9.360929e+00
1.267431640624998e+00	8.483643e-01	9.089721e+00
1.287158203124998e+00	1.019868e+00	8.778778e+00
1.306884765624998e+00	1.201646e+00	8.432874e+00
1.326611328124998e+00	1.390889e+00	8.057313e+00
1.346337890624997e+00	1.584673e+00	7.657859e+00
1.375927734374997e+00	1.877310e+00	7.027360e+00
1.395654296874997e+00	2.069315e+00	6.595555e+00
1.405517578124997e+00	2.163275e+00	6.378686e+00
1.415380859374997e+00	2.255388e+00	6.162283e+00
1.425244140624997e+00	2.345296e+00	5.947177e+00
1.435107421874997e+00	2.432654e+00	5.734193e+00
1.444970703124997e+00	2.517124e+00	5.524150e+00
1.454833984374996e+00	2.598379e+00	5.317853e+00
1.464697265624996e+00	2.676105e+00	5.116095e+00
1.474560546874996e+00	2.750003e+00	4.919650e+00
1.484423828124996e+00	2.819786e+00	4.729273e+00
1.494287109374996e+00	2.885185e+00	4.545694e+00
1.504150390624996e+00	2.945946e+00	4.369619e+00
1.514013671874996e+00	3.001834e+00	4.201723e+00
1.523876953124996e+00	3.052634e+00	4.042651e+00
1.533740234374996e+00	3.098148e+00	3.893014e+00
1.543603515624996e+00	3.138200e+00	3.753386e+00
1.553466796874996e+00	3.172634e+00	3.624304e+00
1.563330078124995e+00	3.201317e+00	3.506262e+00
1.573193359374995e+00	3.224136e+00	3.399715e+00
1.583056640624995e+00	3.241003e+00	3.305071e+00
1.592919921874995e+00	3.251851e+00	3.222693e+00
1.602783203124995e+00	3.256637e+00	3.152899e+00
1.612646484374995e+00	3.255341e+00	3.095955e+00
1.622509765624995e+00	3.247967e+00	3.052080e+00
1.632373046874995e+00	3.234541e+00	3.021444e+00
1.642236328124995e+00	3.215113e+00	3.004163e+00
1.652099609374995e+00	3.189757e+00	3.000304e+00
1.661962890624995e+00	3.158568e+00	3.009882e+00
1.671826171874994e+00	3.121665e+00	3.032860e+00
1.681689453124994e+00	3.079189e+00	3.069150e+00
1.691552734374994e+00	3.031300e+00	3.118612e+00
1.701416015624994e+00	2.978182e+00	3.181056e+00
1.711279296874994e+00	2.920037e+00	3.256244e+00
1.721142578124994e+00	2.857087e+00	3.343885e+00
1.731005859374994e+00	2.789573e+00	3.443644e+00
1.740869140624994e+00	2.717752e+00	3.555138e+00
1.750732421874994e+00	2.641900e+00	3.677938e+00
1.760595703124994e+00	2.562306e+00	3.811573e+00
1.770458984374994e+00	2.479274e+00	3.955530e+00
1.780322265624994e+00	2.393123e+00	4.109256e+00
1.790185546874993e+00	2.304182e+00	4.272161e+00
1.800048828124993e+00	2.212790e+00	4.443620e+00
1.809912109374993e+00	2.119300e+00	4.622974e+00
1.829638671874993e+00	1.927456e+00	5.002586e+00
1.849365234374993e+00	1.731587e+00	5.405173e+00
1.869091796874993e+00	1.534689e+00	5.824557e+00
1.888818359374993e+00	1.339775e+00	6.254305e+00
1.908544921874992e+00	1.149829e+00	6.687822e+00
1.928271484374992e+00	9.677578e-01	7.118458e+00
1.947998046874992e+00	7.963476e-01	7.539605e+00
1.957861328124992e+00	7.154677e-01	7.744592e+00
1.967724609374992e+00	6.382218e-01	7.944801e+00
1.977587890624992e+00	5.649058e-01	8.139462e+00
1.987451171874992e+00	4.958002e-01	8.327829e+00
1.997314453124992e+00	4.311697e-01	8.509179e+00
2.007177734374991e+00	3.712616e-01	8.682814e+00
2.017041015624991e+00	3.163053e-01	8.848068e+00
2.026904296874991e+00	2.665109e-01	9.004308e+00
2.036767578124991e+00	2.220689e-01	9.150932e+00
2.046630859374991e+00	1.831493e-01	9.287378e+00
2.056494140624991e+00	1.499007e-01	9.413123e+00
2.066357421874991e+00	1.224502e-01	9.527683e+00
2.076220703124991e+00	1.009025e-01	9.630618e+00
2.086083984374991e+00	8.533965e-02	9.721534e+00
2.095947265624991e+00	7.582072e-02	9.800080e+00
2.105810546874991e+00	7.238165e-02	9.865957e+00
2.115673828124990e+00	7.503500e-02	9.918911e+00
2.125537109374990e+00	8.376998e-02	9.958737e+00
2.135400390624990e+00	9.855246e-02	9.985285e+00
2.145263671874990e+00	1.193251e-01	9.998450e+00
2.155126953124990e+00	1.460075e-01	9.998184e+00
2.164990234374990e+00	1.784967e-01	9.984488e+00
2.174853515624990e+00	2.166673e-01	9.957412e+00
2.184716796874990e+00	2.603724e-01	9.917062e+00
2.194580078124990e+00	3.094434e-01	9.863592e+00
2.204443359374990e+00	3.636916e-01	9.797209e+00
2.214306640624990e+00	4.229080e-01	9.718166e+00
2.224169921874990e+00	4.868648e-01	9.626768e+00
2.234033203124989e+00	5.553160e-01	9.523364e+00
2.243896484374989e+00	6.279982e-01	9.408353e+00
2.253759765624989e+00	7.046319e-01	9.282175e+00
2.273486328124989e+00	8.685610e-01	8.998300e+00
2.293212890624989e+00	1.044584e+00	8.676092e+00
2.312939453124989e+00	1.229997e+00	8.320498e+00
2.332666015624989e+00	1.421952e+00	7.936972e+00
2.352392578124988e+00	1.617500e+00	7.531399e+00
2.372119140624988e+00	1.813637e+00	7.110001e+00
2.391845703124988e+00	2.007352e+00	6.679244e+00
2.401708984374988e+00	2.102368e+00	6.462418e+00
2.411572265624988e+00	2.195668e+00	6.245737e+00
2.421435546874988e+00	2.286894e+00	6.030032e+00
2.431298828124988e+00	2.375694e+00	5.816131e+00
2.441162109374988e+00	2.461728e+00	5.604856e+00
2.451025390624987e+00	2.544665e+00	5.397017e+00
2.460888671874987e+00	2.624186e+00	5.193414e+00
2.470751953124987e+00	2.699986e+00	4.994827e+00
2.480615234374987e+00	2.771772e+00	4.802019e+00
2.490478515624987e+00	2.839270e+00	4.615730e+00
2.500341796874987e+00	2.902219e+00	4.436676e+00
2.510205078124987e+00	2.960378e+00	4.265543e+00
2.520068359374987e+00	3.013524e+00	4.102990e+00
2.529931640624987e+00	3.061451e+00	3.949639e+00
2.539794921874987e+00	3.103975e+00	3.806081e+00
2.549658203124987e+00	3.140934e+00	3.672865e+00
2.559521484374986e+00	3.172184e+00	3.550504e+00
2.569384765624986e+00	3.197605e+00	3.439467e+00
2.579248046874986e+00	3.217100e+00	3.340181e+00
2.589111328124986e+00	3.230593e+00	3.253027e+00
2.598974609374986e+00	3.238033e+00	3.178339e+00
2.608837890624986e+00	3.239391e+00	3.116405e+00
2.618701171874986e+00	3.234660e+00	3.067461e+00
2.628564453124986e+00	3.223860e+00	3.031696e+00
2.638427734374986e+00	3.207030e+00	3.009248e+00
2.648291015624986e+00	3.184237e+00	3.000202e+00
2.658154296874986e+00	3.155566e+00	3.004593e+00
2.668017578124986e+00	3.121128e+00	3.022404e+00
2.677880859374985e+00	3.081054e+00	3.053567e+00
2.687744140624985e+00	3.035499e+00	3.097963e+00
2.697607421874985e+00	2.984637e+00	3.155420e+00
2.707470703124985e+00	2.928663e+00	3.225718e+00
2.717333984374985e+00	2.867792e+00	3.308588e+00
2.727197265624985e+00	2.802257e+00	3.403711e+00
2.737060546874985e+00	2.732309e+00	3.510721e+00
2.746923828124985e+00	2.658218e+00	3.629209e+00
2.756787109374985e+00	2.580267e+00	3.758719e+00
2.766650390624985e+00	2.498755e+00	3.898754e+00
2.776513671874985e+00	2.413996e+00	4.048776e+00
2.786376953124984e+00	2.326314e+00	4.208209e+00
2.796240234374984e+00	2.236046e+00	4.376441e+00
2.806103515624984e+00	2.143538e+00	4.552826e+00
2.825830078124984e+00	1.953229e+00	4.927320e+00
2.845556640624984e+00	1.758308e+00	5.325942e+00
2.865283203124984e+00	1.561762e+00	5.742578e+00
2.885009765624984e+00	1.366607e+00	6.170835e+00
2.904736328124983e+00	1.175834e+00	6.604142e+00
2.924462890624983e+00	9.923710e-01	7.035851e+00
2.944189453124983e+00	8.190302e-01	7.459339e+00
2.963916015624983e+00	6.584705e-01	7.868108e+00
2.973779296874983e+00	5.837616e-01	8.065001e+00
2.983642578124983e+00	5.131540e-01	8.255886e+00
2.993505859374983e+00	4.469186e-01	8.440029e+00
3.003369140624983e+00	3.853095e-01	8.616724e+00
3.013232421874982e+00	3.285632e-01	8.785292e+00
3.023095703124982e+00	2.768974e-01	8.945086e+00
3.032958984374982e+00	2.305103e-01	9.095491e+00
3.042822265624982e+00	1.895799e-01	9.235932e+00
3.052685546874982e+00	1.542634e-01	9.365869e+00
3.062548828124982e+00	1.246960e-01	9.484801e+00
3.072412109374982e+00	1.009913e-01	9.592275e+00
3.082275390624982e+00	8.324008e-02	9.687876e+00
3.092138671874982e+00	7.151049e-02	9.771237e+00
3.102001953124982e+00	6.584740e-02	9.842039e+00
3.111865234374982e+00	6.627245e-02	9.900009e+00
3.121728515624981e+00	7.278392e-02	9.944925e+00
3.131591796874981e+00	8.535669e-02	9.976615e+00
3.141455078124981e+00	1.039424e-01	9.994957e+00
3.151318359374981e+00	1.284696e-01	9.999880e+00
3.161181640624981e+00	1.588440e-01	9.991365e+00
3.171044921874981e+00	1.949489e-01	9.969446e+00
3.180908203124981e+00	2.366455e-01	9.934207e+00
3.190771484374981e+00	2.837738e-01	9.885782e+00
3.200634765624981e+00	3.361526e-01	9.824358e+00
3.210498046874981e+00	3.935808e-01	9.750170e+00
3.220361328124981e+00	4.558378e-01	9.663504e+00
3.230224609374980e+00	5.226845e-01	9.564691e+00
3.240087890624980e+00	5.938641e-01	9.454112e+00
3.249951171874980e+00	6.691032e-01	9.332191e+00
3.269677734374980e+00	8.305900e-01	9.056236e+00
3.289404296874980e+00	1.004666e+00	8.741062e+00
3.309130859374980e+00	1.188661e+00	8.391503e+00
3.328857421874980e+00	1.379750e+00	8.012924e+00
3.348583984374979e+00	1.575002e+00	7.611132e+00
3.368310546874979e+00	1.771419e+00	7.192292e+00
3.388037109374979e+00	1.965988e+00	6.762830e+00
3.407763671874979e+00	2.155724e+00	6.329336e+00
3.417626953124979e+00	2.247864e+00	6.113155e+00
3.427490234374979e+00	2.337713e+00	5.898460e+00
3.437353515624979e+00	2.424925e+00	5.686074e+00
3.447216796874979e+00	2.509165e+00	5.476813e+00
3.457080078124978e+00	2.590109e+00	5.271481e+00
3.466943359374978e+00	2.667447e+00	5.070865e+00
3.476806640624978e+00	2.740881e+00	4.875737e+00
3.486669921874978e+00	2.810130e+00	4.686844e+00
3.496533203124978e+00	2.874928e+00	4.504913e+00
3.506396484374978e+00	2.935026e+00	4.330642e+00
3.516259765624978e+00	2.990193e+00	4.164701e+00
3.526123046874978e+00	3.040218e+00	4.007725e+00
3.535986328124978e+00	3.084907e+00	3.860317e+00
3.545849609374978e+00	3.124090e+00	3.723045e+00
3.555712890624978e+00	3.157616e+00	3.596435e+00
3.565576171874977e+00	3.185357e+00	3.480973e+00
3.575439453124977e+00	3.207205e+00	3.377102e+00
3.585302734374977e+00	3.223077e+00	3.285221e+00
3.595166015624977e+00	3.232911e+00	3.205683e+00
3.605029296874977e+00	3.236671e+00	3.138793e+00
3.614892578124977e+00	3.234341e+00	3.084807e+00
3.624755859374977e+00	3.225931e+00	3.043935e+00
3.634619140624977e+00	3.211472e+00	3.016331e+00
3.644482421874977e+00	3.191020e+00	3.002103e+00
3.654345703124977e+00	3.164654e+00	3.001305e+00
3.664208984374977e+00	3.132475e+00	3.013939e+00
3.674072265624976e+00	3.094607e+00	3.039958e+00
3.683935546874976e+00	3.051193e+00	3.079261e+00
3.693798828124976e+00	3.002403e+00	3.131698e+00
3.703662109374976e+00	2.948421e+00	3.197067e+00
3.713525390624976e+00	2.889457e+00	3.275118e+00
3.723388671874976e+00	2.825736e+00	3.365550e+00
3.733251953124976e+00	2.757503e+00	3.468017e+00
3.743115234374976e+00	2.685019e+00	3.582124e+00
3.752978515624976e+00	2.608564e+00	3.707435e+00
3.762841796874976e+00	2.528430e+00	3.843467e+00
3.772705078124976e+00	2.444925e+00	3.989699e+00
3.782568359374975e+00	2.358369e+00	4.145568e+00
3.792431640624975e+00	2.269096e+00	4.310478e+00
3.802294921874975e+00	2.177448e+00	4.483794e+00
3.822021484374975e+00	1.988440e+00	4.852953e+00
3.841748046874975e+00	1.794246e+00	5.247383e+00
3.871337890624975e+00	1.499759e+00	5.873089e+00
3.891064453124975e+00	1.305696e+00	6.303600e+00
3.910791015624975e+00	1.116920e+00	6.737125e+00
3.930517578124976e+00	9.363294e-01	7.167012e+00
3.950244140624977e+00	7.666934e-01	7.586664e+00
3.960107421874977e+00	6.868045e-01	7.790632e+00
3.969970703124977e+00	6.106150e-01	7.989645e+00
3.979833984374978e+00	5.384172e-01	8.182938e+00
3.989697265624978e+00	4.704885e-01	8.369769e+00
3.999560546874978e+00	4.070896e-01	8.549422e+00
4.009423828124979e+00	3.484639e-01	8.721207e+00
4.019287109374980e+00	2.948364e-01	8.884462e+00
4.029150390624980e+00	2.464131e-01	9.038564e+00
4.039013671874980e+00	2.033798e-01	9.182919e+00
4.048876953124981e+00	1.659017e-01	9.316973e+00
4.058740234374981e+00	1.341227e-01	9.440211e+00
4.068603515624981e+00	1.081648e-01	9.552160e+00
4.078466796874982e+00	8.812767e-02	9.652392e+00
4.088330078124982e+00	7.408816e-02	9.740520e+00
4.098193359374982e+00	6.610020e-02	9.816206e+00
4.108056640624983e+00	6.419441e-02	9.879161e+00
4.117919921874983e+00	6.837812e-02	9.929140e+00
4.127783203124983e+00	7.863522e-02	9.965955e+00
4.137646484374984e+00	9.492633e-02	9.989462e+00
4.147509765624984e+00	1.171889e-01	9.999572e+00
4.157373046874985e+00	1.453374e-01	9.996245e+00
4.167236328124985e+00	1.792638e-01	9.979495e+00
4.177099609374985e+00	2.188377e-01	9.949386e+00
4.186962890624986e+00	2.639073e-01	9.906033e+00
4.196826171874986e+00	3.142995e-01	9.849603e+00
4.206689453124986e+00	3.698207e-01	9.780313e+00
4.216552734374987e+00	4.302579e-01	9.698427e+00
4.226416015624987e+00	4.953788e-01	9.604262e+00
4.236279296874987e+00	5.649336e-01	9.498178e+00
4.246142578124988e+00	6.386552e-01	9.380585e+00
4.265869140624988e+00	7.974513e-01	9.112710e+00
4.285595703124989e+00	9.693308e-01	8.804749e+00
4.305322265624990e+00	1.151656e+00	8.461427e+00
4.325048828124991e+00	1.341630e+00	8.088010e+00
4.344775390624991e+00	1.536338e+00	7.690229e+00
4.374365234374992e+00	1.830732e+00	7.061304e+00
4.394091796874993e+00	2.024158e+00	6.629899e+00
4.403955078124993e+00	2.118902e+00	6.413032e+00
4.413818359374994e+00	2.211846e+00	6.196500e+00
4.423681640624994e+00	2.302633e+00	5.981133e+00
4.433544921874994e+00	2.390915e+00	5.767758e+00
4.443408203124995e+00	2.476353e+00	5.557195e+00
4.453271484374995e+00	2.558619e+00	5.350251e+00
4.463134765624996e+00	2.637397e+00	5.147722e+00
4.472998046874996e+00	2.712384e+00	4.950385e+00
4.482861328124996e+00	2.783292e+00	4.758997e+00
4.492724609374997e+00	2.849850e+00	4.574294e+00
4.502587890624997e+00	2.911802e+00	4.396984e+00
4.512451171874997e+00	2.968909e+00	4.227748e+00
4.522314453124998e+00	3.020953e+00	4.067237e+00
4.532177734374998e+00	3.067734e+00	3.916066e+00
4.542041015624998e+00	3.109072e+00	3.774816e+00
4.551904296874999e+00	3.144809e+00	3.644029e+00
4.561767578124999e+00	3.174806e+00	3.524207e+00
4.571630859374999e+00	3.198950e+00	3.415810e+00
4.581494140625000e+00	3.217147e+00	3.319255e+00
4.591357421875000e+00	3.229328e+00	3.234912e+00
4.601220703125001e+00	3.235445e+00	3.163105e+00
4.611083984375001e+00	3.235475e+00	3.104109e+00
4.620947265625001e+00	3.229419e+00	3.058152e+00
4.630810546875002e+00	3.217299e+00	3.025409e+00
4.640673828125002e+00	3.199161e+00	3.006007e+00
4.650537109375002e+00	3.175076e+00	3.000020e+00
4.660400390625003e+00	3.145137e+00	3.007470e+00
4.670263671875003e+00	3.109457e+00	3.028330e+00
4.680126953125003e+00	3.068173e+00	3.062519e+00
4.689990234375004e+00	3.021445e+00	3.109905e+00
4.699853515625004e+00	2.969452e+00	3.170308e+00
4.709716796875004e+00	2.912394e+00	3.243495e+00
4.719580078125005e+00	2.850488e+00	3.329185e+00
4.729443359375005e+00	2.783974e+00	3.427048e+00
4.739306640625006e+00	2.713107e+00	3.536710e+00
4.749169921875006e+00	2.638158e+00	3.657749e+00
4.759033203125006e+00	2.559415e+00	3.789701e+00
4.768896484375007e+00	2.477181e+00	3.932059e+00
4.778759765625007e+00	2.391771e+00	4.084276e+00
4.788623046875007e+00	2.303514e+00	4.245768e+00
4.798486328125008e+00	2.212747e+00	4.415915e+00
4.808349609375008e+00	2.119820e+00	4.594064e+00
4.828076171875009e+00	1.928920e+00	4.971601e+00
4.847802734375009e+00	1.733741e+00	5.372590e+00
4.867529296875010e+00	1.537278e+00	5.790875e+00
4.887255859375011e+00	1.342545e+00	6.220041e+00
4.906982421875012e+00	1.152530e+00	6.653502e+00
4.926708984375012e+00	9.701486e-01	7.084608e+00
4.946435546875013e+00	7.981986e-01	7.506744e+00
4.966162109375014e+00	6.393183e-01	7.913435e+00
4.976025390625014e+00	5.655500e-01	8.109025e+00
4.985888671875014e+00	4.959455e-01	8.298438e+00
4.995751953125015e+00	4.307720e-01	8.480947e+00
5.005615234375015e+00	3.702798e-01	8.655849e+00
5.015478515625015e+00	3.147010e-01	8.822474e+00
5.025341796875016e+00	2.642491e-01	8.980183e+00
5.035205078125016e+00	2.191178e-01	9.128369e+00
5.045068359375017e+00	1.794804e-01	9.266463e+00
5.054931640625017e+00	1.454890e-01	9.393937e+00
5.064794921875017e+00	1.172742e-01	9.510299e+00
5.074658203125018e+00	9.494422e-02	9.615103e+00
5.084521484375018e+00	7.858486e-02	9.707948e+00
5.094384765625018e+00	6.825890e-02	9.788475e+00
5.104248046875019e+00	6.400599e-02	9.856377e+00
5.114111328125019e+00	6.584245e-02	9.911392e+00
5.123974609375019e+00	7.376124e-02	9.953310e+00
5.133837890625020e+00	8.773194e-02	9.981969e+00
5.143701171875020e+00	1.077009e-01	9.997259e+00
5.153564453125020e+00	1.335915e-01	9.999123e+00
5.163427734375021e+00	1.653043e-01	9.987551e+00
5.173291015625021e+00	2.027175e-01	9.962589e+00
5.183154296875021e+00	2.456875e-01	9.924333e+00
5.193017578125022e+00	2.940493e-01	9.872930e+00
5.202880859375022e+00	3.476172e-01	9.808577e+00
5.212744140625023e+00	4.061855e-01	9.731520e+00
5.222607421875023e+00	4.695295e-01	9.642056e+00
5.232470703125023e+00	5.374058e-01	9.540529e+00
5.242333984375024e+00	6.095539e-01	9.427328e+00
5.252197265625024e+00	6.856968e-01	9.302889e+00
5.271923828125025e+00	8.487832e-01	9.022243e+00
5.291650390625025e+00	1.024163e+00	8.702900e+00
5.311376953125026e+00	1.209145e+00	8.349757e+00
5.331103515625027e+00	1.400891e+00	7.968234e+00
5.350830078125028e+00	1.596459e+00	7.564184e+00
5.370556640625028e+00	1.792849e+00	7.143806e+00
5.390283203125029e+00	1.987048e+00	6.713551e+00
5.410009765625030e+00	2.176075e+00	6.280019e+00
5.419873046875030e+00	2.267739e+00	6.064104e+00
5.429736328125030e+00	2.357031e+00	5.849862e+00
5.439599609375031e+00	2.443609e+00	5.638116e+00
5.449462890625031e+00	2.527140e+00	5.429680e+00
5.459326171875031e+00	2.607303e+00	5.225353e+00
5.469189453125032e+00	2.683790e+00	5.025920e+00
5.479052734375032e+00	2.756309e+00	4.832147e+00
5.488916015625033e+00	2.824580e+00	4.644777e+00
5.498779296875033e+00	2.888341e+00	4.464530e+00
5.508642578125033e+00	2.947348e+00	4.292098e+00
5.518505859375034e+00	3.001374e+00	4.128143e+00
5.528369140625034e+00	3.050211e+00	3.973294e+00
5.538232421875034e+00	3.093672e+00	3.828147e+00
5.548095703125035e+00	3.131591e+00	3.693258e+00
5.557958984375035e+00	3.163821e+00	3.569145e+00
5.567822265625035e+00	3.190239e+00	3.456285e+00
5.577685546875036e+00	3.210743e+00	3.355110e+00
5.587548828125036e+00	3.225255e+00	3.266011e+00
5.597412109375036e+00	3.233719e+00	3.189328e+00
5.607275390625037e+00	3.236103e+00	3.125356e+00
5.617138671875037e+00	3.232397e+00	3.074340e+00
5.627001953125037e+00	3.222615e+00	3.036477e+00
5.636865234375038e+00	3.206796e+00	3.011912e+00
5.646728515625038e+00	3.184999e+00	3.000739e+00
5.656591796875039e+00	3.157309e+00	3.003001e+00
5.666455078125039e+00	3.123832e+00	3.018690e+00
5.676318359375039e+00	3.084696e+00	3.047745e+00
5.686181640625040e+00	3.040051e+00	3.090054e+00
5.696044921875040e+00	2.990070e+00	3.145455e+00
5.705908203125040e+00	2.934944e+00	3.213736e+00
5.715771484375041e+00	2.874884e+00	3.294635e+00
5.725634765625041e+00	2.810121e+00	3.387839e+00
5.735498046875041e+00	2.740905e+00	3.492993e+00
5.745361328125042e+00	2.667499e+00	3.609692e+00
5.755224609375042e+00	2.590188e+00	3.737488e+00
5.765087890625042e+00	2.509266e+00	3.875890e+00
5.774951171875043e+00	2.425045e+00	4.024367e+00
5.784814453125043e+00	2.337849e+00	4.182349e+00
5.794677734375044e+00	2.248012e+00	4.349230e+00
5.804541015625044e+00	2.155878e+00	4.524368e+00
5.824267578125045e+00	1.966146e+00	4.896699e+00
5.843994140625045e+00	1.771563e+00	5.293629e+00
5.873583984375046e+00	1.477133e+00	5.921745e+00
5.893310546875047e+00	1.283535e+00	6.352934e+00
5.913037109375048e+00	1.095559e+00	6.786380e+00
5.932763671875048e+00	9.160902e-01	7.215433e+00
5.952490234375049e+00	7.478812e-01	7.633508e+00
5.962353515625050e+00	6.688137e-01	7.836415e+00
5.972216796875050e+00	5.935133e-01	8.034192e+00
5.982080078125050e+00	5.222691e-01	8.226078e+00
5.991943359375051e+00	4.553548e-01	8.411337e+00
6.001806640625051e+00	3.930271e-01	8.589257e+00
6.011669921875051e+00	3.355254e-01	8.759156e+00
6.021533203125052e+00	2.830705e-01	8.920382e+00
6.031396484375052e+00	2.358638e-01	9.072314e+00
6.041259765625052e+00	1.940864e-01	9.214371e+00
6.051123046875053e+00	1.578989e-01	9.346005e+00
6.060986328125053e+00	1.274401e-01	9.466713e+00
6.070849609375053e+00	1.028270e-01	9.576031e+00
6.080712890625054e+00	8.415407e-02	9.673538e+00
6.090576171875054e+00	7.149303e-02	9.758861e+00
6.100439453125055e+00	6.489248e-02	9.831672e+00
6.110302734375055e+00	6.437775e-02	9.891690e+00
6.120166015625055e+00	6.995083e-02	9.938687e+00
6.130029296875056e+00	8.159032e-02	9.972482e+00
6.139892578125056e+00	9.925154e-02	9.992945e+00
6.149755859375056e+00	1.228667e-01	9.999996e+00
6.159619140625057e+00	1.523450e-01	9.993609e+00
6.169482421875057e+00	1.875734e-01	9.973809e+00
6.179345703125057e+00	2.284167e-01	9.940673e+00
6.189208984375058e+00	2.747179e-01	9.894325e+00
6.199072265625058e+00	3.262993e-01	9.834946e+00
6.208935546875058e+00	3.829630e-01	9.762762e+00
6.218798828125059e+00	4.444912e-01	9.678051e+00
6.228662109375059e+00	5.106478e-01	9.581139e+00
6.238525390625060e+00	5.811789e-01	9.472397e+00
6.248388671875060e+00	6.558135e-01	9.352242e+00
6.268115234375061e+00	8.162327e-01	9.079584e+00
6.287841796875061e+00	9.894440e-01	8.767347e+00
6.307568359375062e+00	1.172790e+00	8.420323e+00
6.327294921875063e+00	1.363458e+00	8.043836e+00
6.347021484375063e+00	1.558522e+00	7.643661e+00
6.366748046875064e+00	1.754989e+00	7.225940e+00
6.386474609375065e+00	1.949845e+00	6.797081e+00
6.406201171875066e+00	2.140100e+00	6.363664e+00
6.416064453125066e+00	2.232587e+00	6.147324e+00
6.425927734375066e+00	2.322836e+00	5.932338e+00
6.435791015625067e+00	2.410502e+00	5.719532e+00
6.445654296875067e+00	2.495249e+00	5.509722e+00
6.455517578125067e+00	2.576750e+00	5.303714e+00
6.465380859375068e+00	2.654692e+00	5.102300e+00
6.475244140625068e+00	2.728777e+00	4.906251e+00
6.485107421875068e+00	2.798721e+00	4.716322e+00
6.494970703125069e+00	2.864254e+00	4.533241e+00
6.504833984375069e+00	2.925124e+00	4.357711e+00
6.514697265625069e+00	2.981100e+00	4.190406e+00
6.524560546875070e+00	3.031964e+00	4.031969e+00
6.534423828125070e+00	3.077522e+00	3.883008e+00
6.544287109375071e+00	3.117600e+00	3.744094e+00
6.554150390625071e+00	3.152043e+00	3.615761e+00
6.564013671875071e+00	3.180718e+00	3.498502e+00
6.573876953125072e+00	3.203517e+00	3.392767e+00
6.583740234375072e+00	3.220351e+00	3.298962e+00
6.593603515625072e+00	3.231156e+00	3.217447e+00
6.603466796875073e+00	3.235890e+00	3.148535e+00
6.613330078125073e+00	3.234535e+00	3.092490e+00
6.623193359375073e+00	3.227097e+00	3.049529e+00
6.633056640625074e+00	3.213603e+00	3.019815e+00
6.642919921875074e+00	3.194106e+00	3.003463e+00
6.652783203125074e+00	3.168680e+00	3.000535e+00
6.662646484375075e+00	3.137424e+00	3.011044e+00
6.672509765625075e+00	3.100456e+00	3.034947e+00
6.682373046875075e+00	3.057920e+00	3.072155e+00
6.692236328125076e+00	3.009978e+00	3.122524e+00
6.702099609375076e+00	2.956815e+00	3.185860e+00
6.711962890625077e+00	2.898634e+00	3.261920e+00
6.721826171875077e+00	2.835659e+00	3.350413e+00
6.731689453125077e+00	2.768132e+00	3.450998e+00
6.741552734375078e+00	2.696312e+00	3.563289e+00
6.751416015625078e+00	2.620474e+00	3.686856e+00
6.761279296875078e+00	2.540910e+00	3.821223e+00
6.771142578125079e+00	2.457926e+00	3.965876e+00
6.781005859375079e+00	2.371840e+00	4.120258e+00
6.790869140625079e+00	2.282982e+00	4.283776e+00
6.800732421875080e+00	2.191694e+00	4.455804e+00
6.810595703125080e+00	2.098326e+00	4.635680e+00
6.830322265625081e+00	1.906792e+00	5.016188e+00
6.850048828125082e+00	1.711317e+00	5.419462e+00
6.869775390625082e+00	1.514901e+00	5.839314e+00
6.889501953125083e+00	1.320558e+00	6.269303e+00
6.909228515625084e+00	1.131269e+00	6.702832e+00
6.928955078125084e+00	9.499383e-01	7.133249e+00
6.948681640625085e+00	7.793487e-01	7.553949e+00
6.958544921875085e+00	6.989071e-01	7.758631e+00
6.968408203125086e+00	6.221171e-01	7.958480e+00
6.978271484375086e+00	5.492736e-01	8.152729e+00
6.988134765625087e+00	4.806560e-01	8.340632e+00
6.997998046875087e+00	4.165280e-01	8.521469e+00
7.007861328125087e+00	3.571357e-01	8.694545e+00
7.017724609375088e+00	3.027073e-01	8.859195e+00
7.027587890625088e+00	2.534515e-01	9.014787e+00
7.037451171875088e+00	2.095576e-01	9.160724e+00
7.047314453125089e+00	1.711941e-01	9.296445e+00
7.057177734375089e+00	1.385082e-01	9.421429e+00
7.067041015625089e+00	1.116256e-01	9.535196e+00
7.076904296875090e+00	9.064925e-02	9.637311e+00
7.086767578125090e+00	7.565987e-02	9.727381e+00
7.096630859375090e+00	6.671495e-02	9.805058e+00
7.106494140625091e+00	6.384884e-02	9.870047e+00
7.116357421875091e+00	6.707254e-02	9.922096e+00
7.126220703125091e+00	7.637368e-02	9.961007e+00
7.136083984375092e+00	9.171655e-02	9.986629e+00
7.145947265625092e+00	1.130422e-01	9.998865e+00
7.155810546875093e+00	1.402688e-01	9.997667e+00
7.165673828125093e+00	1.732919e-01	9.983041e+00
7.175537109375093e+00	2.119845e-01	9.955042e+00
7.185400390625094e+00	2.561982e-01	9.913777e+00
7.195263671875094e+00	3.057632e-01	9.859406e+00
7.205126953125094e+00	3.604892e-01	9.792136e+00
7.214990234375095e+00	4.201662e-01	9.712227e+00
7.224853515625095e+00	4.845648e-01	9.619984e+00
7.234716796875095e+00	5.534380e-01	9.515762e+00
7.244580078125096e+00	6.265213e-01	9.399962e+00
7.254443359375096e+00	7.035341e-01	9.273028e+00
7.274169921875097e+00	8.681513e-01	8.987748e+00
7.293896484375098e+00	1.044764e+00	8.664298e+00
7.313623046875098e+00	1.230663e+00	8.307642e+00
7.333349609375099e+00	1.422995e+00	7.923251e+00
7.353076171875100e+00	1.618810e+00	7.517024e+00
7.372802734375100e+00	1.815103e+00	7.095192e+00
7.392529296875101e+00	2.008863e+00	6.664229e+00
7.402392578125101e+00	2.103861e+00	6.447386e+00
7.412255859375102e+00	2.197117e+00	6.230746e+00
7.422119140625102e+00	2.288271e+00	6.015139e+00
7.431982421875102e+00	2.376976e+00	5.801394e+00
7.441845703125103e+00	2.462889e+00	5.590331e+00
7.451708984375103e+00	2.545681e+00	5.382761e+00
7.461572265625104e+00	2.625034e+00	5.179480e+00
7.471435546875104e+00	2.700643e+00	4.981269e+00
7.481298828125104e+00	2.772218e+00	4.788889e+00
7.491162109375105e+00	2.839485e+00	4.603079e+00
7.501025390625105e+00	2.902185e+00	4.424551e+00
7.510888671875105e+00	2.960077e+00	4.253993e+00
7.520751953125106e+00	3.012939e+00	4.092057e+00
7.530615234375106e+00	3.060568e+00	3.939367e+00
7.540478515625106e+00	3.102782e+00	3.796508e+00
7.550341796875107e+00	3.139417e+00	3.664029e+00
7.560205078125107e+00	3.170334e+00	3.542438e+00
7.570068359375107e+00	3.195414e+00	3.432203e+00
7.579931640625108e+00	3.214560e+00	3.333746e+00
7.589794921875108e+00	3.227699e+00	3.247445e+00
7.599658203125109e+00	3.234781e+00	3.173633e+00
7.609521484375109e+00	3.235778e+00	3.112591e+00
7.619384765625109e+00	3.230686e+00	3.064555e+00
7.629248046875110e+00	3.219526e+00	3.029710e+00
7.639111328125110e+00	3.202339e+00	3.008188e+00
7.648974609375110e+00	3.179193e+00	3.000073e+00
7.658837890625111e+00	3.150175e+00	3.005395e+00
7.668701171875111e+00	3.115397e+00	3.024134e+00
7.678564453125111e+00	3.074993e+00	3.056219e+00
7.688427734375112e+00	3.029118e+00	3.101526e+00
7.698291015625112e+00	2.977948e+00	3.159881e+00
7.708154296875112e+00	2.921679e+00	3.231060e+00
7.718017578125113e+00	2.860527e+00	3.314789e+00
7.727880859375113e+00	2.794728e+00	3.410748e+00
7.737744140625114e+00	2.724534e+00	3.518568e+00
7.747607421875114e+00	2.650214e+00	3.637835e+00
7.757470703125114e+00	2.572054e+00	3.768091e+00
7.767333984375115e+00	2.490353e+00	3.908835e+00
7.777197265625115e+00	2.405426e+00	4.059529e+00
7.787060546875115e+00	2.317599e+00	4.219592e+00
7.796923828125116e+00	2.227208e+00	4.388411e+00
7.806787109375116e+00	2.134602e+00	4.565336e+00
7.826513671875117e+00	1.944169e+00	4.940764e+00
7.846240234375117e+00	1.749222e+00	5.340115e+00
7.865966796875118e+00	1.552753e+00	5.757262e+00
7.885693359375119e+00	1.357776e+00	6.185804e+00
7.905419921875119e+00	1.167282e+00	6.619167e+00
7.925146484375119e+00	9.841937e-01	7.050702e+00
7.944873046875120e+00	8.113209e-01	7.473788e+00
7.964599609375121e+00	6.513156e-01	7.881932e+00
7.974462890625121e+00	5.769141e-01	8.078433e+00
7.984326171875122e+00	5.066326e-01	8.268874e+00
7.994189453125122e+00	4.407409e-01	8.452524e+00
8.004052734375122e+00	3.794920e-01	8.628676e+00
8.013916015625123e+00	3.231210e-01	8.796657e+00
8.023779296875123e+00	2.718444e-01	8.955819e+00
8.033642578125123e+00	2.258590e-01	9.105553e+00
8.043505859375124e+00	1.853413e-01	9.245282e+00
8.053369140625124e+00	1.504470e-01	9.374472e+00
8.063232421875124e+00	1.213101e-01	9.492624e+00
8.073095703125125e+00	9.804234e-02	9.599288e+00
8.082958984375125e+00	8.073311e-02	9.694052e+00
8.092822265625125e+00	6.944886e-02	9.776552e+00
8.102685546875126e+00	6.423292e-02	9.846473e+00
8.112548828125126e+00	6.510531e-02	9.903545e+00
8.122412109375126e+00	7.206269e-02	9.947550e+00
8.132275390625127e+00	8.507834e-02	9.978318e+00
8.142138671875127e+00	1.041023e-01	9.995731e+00
8.152001953125128e+00	1.290615e-01	9.999723e+00
8.161865234375128e+00	1.598601e-01	9.990278e+00
8.171728515625128e+00	1.963800e-01	9.967433e+00
8.181591796875129e+00	2.384808e-01	9.931274e+00
8.191455078125129e+00	2.860009e-01	9.881942e+00
8.201318359375129e+00	3.387579e-01	9.819625e+00
8.211181640625130e+00	3.965492e-01	9.744562e+00
8.221044921875130e+00	4.591530e-01	9.657043e+00
8.230908203125130e+00	5.263288e-01	9.557402e+00
8.240771484375131e+00	5.978189e-01	9.446022e+00
8.250634765625131e+00	6.733485e-01	9.323332e+00
8.270361328125132e+00	8.353526e-01	9.045944e+00
8.290087890625133e+00	1.009855e+00	8.729494e+00
8.309814453125133e+00	1.194180e+00	8.378838e+00
8.329541015625134e+00	1.385497e+00	7.999354e+00
8.349267578125135e+00	1.580873e+00	7.596867e+00
8.368994140625135e+00	1.777309e+00	7.177549e+00
8.388720703125136e+00	1.971791e+00	6.747837e+00
8.408447265625137e+00	2.161336e+00	6.314322e+00
8.418310546875137e+00	2.253344e+00	6.098218e+00
8.428173828125137e+00	2.343035e+00	5.883656e+00
8.438037109375138e+00	2.430066e+00	5.671461e+00
8.447900390625138e+00	2.514101e+00	5.462446e+00
8.457763671875139e+00	2.594819e+00	5.257416e+00
8.467626953125139e+00	2.671909e+00	5.057156e+00
8.477490234375139e+00	2.745076e+00	4.862435e+00
8.487353515625140e+00	2.814038e+00	4.674003e+00
8.497216796875140e+00	2.878531e+00	4.492580e+00
8.507080078125140e+00	2.938307e+00	4.318865e+00
8.516943359375141e+00	2.993136e+00	4.153524e+00
8.526806640625141e+00	3.042809e+00	3.997193e+00
8.536669921875141e+00	3.087134e+00	3.850471e+00
8.546533203125142e+00	3.125941e+00	3.713921e+00
8.556396484375142e+00	3.159081e+00	3.588068e+00
8.566259765625142e+00	3.186428e+00	3.473395e+00
8.576123046875143e+00	3.207875e+00	3.370343e+00
8.585986328125143e+00	3.223341e+00	3.279306e+00
8.595849609375144e+00	3.232766e+00	3.200635e+00
8.605712890625144e+00	3.236115e+00	3.134632e+00
8.615576171875144e+00	3.233373e+00	3.081550e+00
8.625439453125145e+00	3.224552e+00	3.041592e+00
8.635302734375145e+00	3.209686e+00	3.014913e+00
8.645166015625145e+00	3.188832e+00	3.001614e+00
8.655029296875146e+00	3.162069e+00	3.001747e+00
8.664892578125146e+00	3.129500e+00	3.015312e+00
8.674755859375146e+00	3.091252e+00	3.042255e+00
8.684619140625147e+00	3.047469e+00	3.082474e+00
8.694482421875147e+00	2.998322e+00	3.135814e+00
8.704345703125147e+00	2.943997e+00	3.202071e+00
8.714208984375148e+00	2.884704e+00	3.280990e+00
8.724072265625148e+00	2.820671e+00	3.372268e+00
8.733935546875149e+00	2.752142e+00	3.475554e+00
8.743798828125149e+00	2.679383e+00	3.590453e+00
8.753662109375149e+00	2.602670e+00	3.716523e+00
8.763525390625150e+00	2.522300e+00	3.853279e+00
8.773388671875150e+00	2.438581e+00	4.000197e+00
8.783251953125150e+00	2.351835e+00	4.156713e+00
8.793115234375151e+00	2.262393e+00	4.322226e+00
8.802978515625151e+00	2.170600e+00	4.496100e+00
8.822705078125152e+00	1.981378e+00	4.866233e+00
8.842431640625152e+00	1.787072e+00	5.261432e+00
8.872021484375153e+00	1.492610e+00	5.887885e+00
8.891748046875154e+00	1.298693e+00	6.318611e+00
8.911474609375155e+00	1.110166e+00	6.752121e+00
8.931201171875156e+00	9.299207e-01	7.181763e+00
8.950927734375156e+00	7.607235e-01	7.600945e+00
8.960791015625157e+00	6.810869e-01	7.804594e+00
8.970654296875157e+00	6.051702e-01	8.003234e+00
8.980517578125157e+00	5.332650e-01	8.196103e+00
8.990380859375158e+00	4.656473e-01	8.382460e+00
9.000244140625158e+00	4.025767e-01	8.561589e+00
9.010107421875158e+00	3.442955e-01	8.732803e+00
9.019970703125159e+00	2.910273e-01	8.895445e+00
9.029833984375159e+00	2.429767e-01	9.048889e+00
9.039697265625160e+00	2.003281e-01	9.192548e+00
9.049560546875160e+00	1.632454e-01	9.325869e+00
9.059423828125160e+00	1.318709e-01	9.448339e+00
9.069287109375161e+00	1.063249e-01	9.559490e+00
9.079150390625161e+00	8.670576e-02	9.658895e+00
9.089013671875161e+00	7.308863e-02	9.746170e+00
9.098876953125162e+00	6.552583e-02	9.820983e+00
9.108740234375162e+00	6.404641e-02	9.883045e+00
9.118603515625162e+00	6.865603e-02	9.932118e+00
9.128466796875163e+00	7.933700e-02	9.968015e+00
9.138330078125163e+00	9.604832e-02	9.990596e+00
9.148193359375163e+00	1.187258e-01	9.999775e+00
9.158056640625164e+00	1.472824e-01	9.995517e+00
9.167919921875164e+00	1.816085e-01	9.977838e+00
9.177783203125164e+00	2.215723e-01	9.946806e+00
9.187646484375165e+00	2.670203e-01	9.902541e+00
9.197509765625165e+00	3.177781e-01	9.845212e+00
9.207373046875166e+00	3.736507e-01	9.775040e+00
9.217236328125166e+00	4.344237e-01	9.692293e+00
9.227099609375166e+00	4.998637e-01	9.597290e+00
9.236962890625167e+00	5.697195e-01	9.490396e+00
9.246826171875167e+00	6.437228e-01	9.372019e+00
9.266552734375168e+00	8.030209e-01	9.102683e+00
9.286279296875168e+00	9.753138e-01	8.793414e+00
9.306005859375169e+00	1.157958e+00	8.448957e+00
9.325732421875170e+00	1.348151e+00	8.074598e+00
9.345458984375171e+00	1.542976e+00	7.676081e+00
9.365185546875171e+00	1.739442e+00	7.259519e+00
9.384912109375172e+00	1.934535e+00	6.831303e+00
9.404638671875173e+00	2.125263e+00	6.398005e+00
9.414501953125173e+00	2.218071e+00	6.181527e+00
9.424365234375173e+00	2.308699e+00	5.966271e+00
9.434228515625174e+00	2.396797e+00	5.753065e+00
9.444091796875174e+00	2.482028e+00	5.542727e+00
9.453955078125174e+00	2.564064e+00	5.336063e+00
9.463818359375175e+00	2.642591e+00	5.133869e+00
9.473681640625175e+00	2.717307e+00	4.936920e+00
9.483544921875176e+00	2.787925e+00	4.745972e+00
9.493408203125176e+00	2.854173e+00	4.561759e+00
9.503271484375176e+00	2.915799e+00	4.384987e+00
9.513134765625177e+00	2.972564e+00	4.216335e+00
9.522998046875177e+00	3.024252e+00	4.056452e+00
9.532861328125177e+00	3.070663e+00	3.905950e+00
9.542724609375178e+00	3.111620e+00	3.765408e+00
9.552587890625178e+00	3.146965e+00	3.635365e+00
9.562451171875178e+00	3.176562e+00	3.516321e+00
9.572314453125179e+00	3.200298e+00	3.408732e+00
9.582177734375179e+00	3.218082e+00	3.313011e+00
9.592041015625179e+00	3.229846e+00	3.229527e+00
9.601904296875180e+00	3.235543e+00	3.158600e+00
9.611767578125180e+00	3.235153e+00	3.100501e+00
9.621630859375180e+00	3.228677e+00	3.055455e+00
9.631494140625181e+00	3.216140e+00	3.023633e+00
9.641357421875181e+00	3.197589e+00	3.005159e+00
9.651220703125182e+00	3.173097e+00	3.000103e+00
9.661083984375182e+00	3.142757e+00	3.008484e+00
9.670947265625182e+00	3.106685e+00	3.030271e+00
9.680810546875183e+00	3.065021e+00	3.065379e+00
9.690673828125183e+00	3.017924e+00	3.113674e+00
9.700537109375183e+00	2.965575e+00	3.174971e+00
9.710400390625184e+00	2.908174e+00	3.249034e+00
9.720263671875184e+00	2.845943e+00	3.335578e+00
9.730126953125184e+00	2.779120e+00	3.434273e+00
9.739990234375185e+00	2.707962e+00	3.544737e+00
9.749853515625185e+00	2.632742e+00	3.666548e+00
9.759716796875185e+00	2.553749e+00	3.799238e+00
9.769580078125186e+00	2.471285e+00	3.942297e+00
9.779443359375186e+00	2.385669e+00	4.095176e+00
9.789306640625187e+00	2.297228e+00	4.257288e+00
9.799169921875187e+00	2.206301e+00	4.428011e+00
9.809033203125187e+00	2.113240e+00	4.606690e+00
9.828759765625188e+00	1.922144e+00	4.985139e+00
9.848486328125189e+00	1.726872e+00	5.386832e+00
9.868212890625189e+00	1.530421e+00	5.805603e+00
9.887939453125190e+00	1.335804e+00	6.235028e+00
9.907666015625191e+00	1.146007e+00	6.668519e+00
9.927392578125191e+00	9.639434e-01	7.099424e+00
9.947119140625192e+00	7.924052e-01	7.521133e+00
9.956982421875193e+00	7.114132e-01	7.726508e+00
9.966845703125193e+00	6.340247e-01	7.927174e+00
9.976708984375193e+00	5.605369e-01	8.122361e+00
9.986572265625194e+00	4.912320e-01	8.311318e+00
1.000000000000000e+01	4.040827e-01	8.557248e+00
